    def obs_rectangle():
        obs_rectangle = [
            [0, 0, 40, 2048],
            [0, 0, 2048, 40],
            [2008, 0, 40, 2048],
            [0, 2008, 2048, 40],
            [660, 0, 180, 1423],
            [660, 1703, 180, 345],
            [1348, 0, 180, 290],
            [1348, 680, 180, 1368],
            [1528, 1048, 200, 200],
            [450, 748, 210, 300]
          #  [1190, 868, 160, 180]
        ]
        return obs_rectangle

    @staticmethod
    def obs_circle():
        obs_cir = [
         #   [350,948,100]

        ]

        return obs_cir