[1748, 1713.7649893934504, 1684.0935503109315, 1638.4696683250315, 1583.253044051115, 1543.8963995673735, 1488.7125882067157, 1436]
[1436]
[1436]
[148]
[148]
[1363, 1325.4764860744199, 1314.763995919749, 1304.1466582534097, 1281.1617727005787, 1263.563223376401, 1262.0776924156462, 1235.1048980966757, 1214.8303079986044, 1185.5943940683171, 1169.5004683566585, 1126.2934243866289, 1120.4505922873998, 1084.2044521125986, 1062.127595451117, 1026.3883992698134, 981.1427912763436, 945.2375798929778, 895.6283529132647, 856.2692820756428, 808.7076581745556, 773.2990305833265, 748.3398964746277, 720.3311359612302, 690.2572926849899, 654.140411478992, 631.9916358114493, 611.1322224844796, 579.624512982783, 553.402652105943, 500.4324336353054, 452.91512719305376, 425.92567856316805, 393.12078185220923, 360.4102708004863, 337.03011914306745, 319.4866335000471, 286.10857383683975, 240.38061039999576, 202.17820909504627, 172.06330644511385, 155.87709082107824, 148]
[1363, 1370.6050521153925, 1368.522834171686, 1333.5103035698278, 1286.9127106527676, 1228.4377555550323, 1186.7329481663635, 1161.4648363235021, 1142.7297448157772, 1147.5395920182063, 1131.1294296464928, 1130.134638200548, 1122.5568539460571, 1151.7528817824302, 1120.430402752366, 1110.3268319627678, 1079.252702884929, 1042.0939468393722, 986.3979325919274, 967.7041848649925, 917.6648640435874, 889.9450859492767, 831.7864248037007, 808.9806015520966, 775.1224292608641, 740.3007329571815, 694.8696978935515, 659.122461895896, 613.320246326179, 562.5386451724116, 539.4076166967152, 527.8282026630055, 503.9277681652698, 482.23044967136536, 453.7376174368802, 437.9411035847367, 394.215778427147, 368.8192230166953, 352.5807886152692, 343.11744229787575, 315.2698024647564, 290.2982131098269, 270.8361545444855, 226.4435607196213, 201.72493449554855, 155.9518880420472, 148]
[1363, 1330.083828137146, 1293.1167398610178, 1239.8470131245751, 1218.5005844635732, 1178.1861286535768, 1156.2909324227367, 1126.8322757765159, 1132.5041532922146, 1127.4848375057902, 1094.1357781017991, 1078.866609345121, 1039.7135930349318, 1025.296177175817, 1009.1719481697855, 1017.5857459535731, 1001.8614100325153, 990.8062941370854, 973.8976562747152, 956.5393284174536, 925.6743064850235, 895.0853940127413, 872.6119336775114, 814.7013167575136, 788.4087287479362, 774.9491283189783, 740.3092534055711, 684.5661175688458, 633.5130843929659, 617.9168112395644, 567.9005154410219, 513.6759421329245, 462.2328091405879, 408.04183916930276, 387.35980846479504, 378.17225147760456, 351.83715572661316, 313.79322685134747, 285.76503070300265, 271.8322495693839, 246.33269394339567, 212.452917393321, 169.362924093545, 139.89760001178274, 168.0246132533694, 162.83123853933606, 161.59200152452803, 157.72571533021454, 148]
[148]
[148]
[148]
[148]
[148]
[1363, 1359.879826322876, 1371.2157143339598, 1385.6856703083538, 1395.4256933630181, 1402.0652959544564, 1409.2392236648843, 1393.4201609519732, 1399.2643387509443, 1410.795487776322, 1418.5927493594863, 1415.225784018734, 1403.16468135869, 1375.3713567415364, 1354.6858861914193, 1319.1538273954689, 1292.8607459385498, 1232.6203855605927, 1222.142577762934, 1218.00054438389, 1210.293372665493, 1222.7555337502465, 1222.1059935989497, 1230.1177757462665, 1226.7225413663707, 1218.8629134469054, 1171.1492177181535, 1142.7864388870485, 1113.6290496473166, 1079.683402695071, 1032.0347237361439, 1005.6154686526594, 963.659357164204, 929.3593144475446, 885.4985719524879, 846.6074167029407, 791.9353090335217, 739.0542575736608, 684.0237249809514, 642.3229685130138, 590.5608560759403, 556.8609221318877, 518.3331979782561, 494.14096649071996, 436.66782871703, 385.1885377546157, 325.2674536617002, 286.50290945034294, 259.2303560325515, 202.53115173844512, 148]
[1363, 1307.4906782007322, 1249.0223662644862, 1203.4784872743683, 1159.6647138044736, 1116.6323152490816, 1063.8542423773888, 1040.6717506361165, 994.607087557057, 971.8443350971429, 926.9362549066628, 911.9319789294274, 868.8796971067632, 848.0291036605887, 813.5693580864416, 770.8361479004789, 732.382056982563, 677.3273995213588, 633.072929671355, 612.4072775184892, 574.2730670325946, 538.6412125515295, 515.331089498333, 485.946639867303, 443.7782291997793, 437.48076313769485, 445.10875142483934, 443.03405524829435, 452.8761108090918, 447.7904100786219, 435.36545553229325, 405.09778547261726, 383.28916256614116, 347.36325439070833, 302.38605195598757, 268.4300758807882, 251.45452085325184, 226.8540972825251, 234.68427576305092, 232.97133033504696, 239.50476090065592, 272.97043815556776, 290.63990911953846, 288.6202894103183, 315.04597534712434, 319.56342068430854, 293.4139937135076, 279.49612512677476, 219.9758212592022, 183.67752921607234, 155.02343688571727, 148]
[1363, 1346.2419679925556, 1383.9391200850437, 1381.9631227277048, 1375.4986059231185, 1364.4526353291542, 1330.54674118514, 1343.2840179428194, 1319.1309980256467, 1311.9562821951915, 1310.1595357390636, 1303.848157482242, 1292.6996730826252, 1275.945290327598, 1265.600004747823, 1257.9368076046428, 1263.3422669903553, 1230.9606692070156, 1204.712966347297, 1144.7137755508206, 1091.8537973863233, 1053.4960674800072, 995.4542933397257, 943.9908709151118, 892.7027224279767, 853.3265556058236, 824.0207220940838, 772.4027812402451, 748.5206353063273, 724.0053309119481, 671.6200833689743, 642.7936058033416, 617.0812481617755, 561.8105844643095, 531.9370843691667, 491.0385386420759, 447.48608579992106, 393.86820025795146, 344.03866883623607, 311.08174795260925, 284.33820621207593, 263.5790378692632, 244.68911528344842, 234.24532341169842, 272.4352837582907, 272.5605306907362, 261.1759483259899, 230.04832622561491, 174.2175542058523, 138.04332827649483, 125.95445355368689, 104.38718727640335, 148]
[1363, 1361.346023907436, 1374.5587944942768, 1378.6105432388947, 1342.4015538221918, 1343.0296835919232, 1330.0972370738878, 1342.3536010512398, 1350.6150186723942, 1364.21607332844, 1369.0148510854888, 1369.8422626035779, 1343.4231879043894, 1320.6947337285508, 1306.2400997174177, 1291.8878789769753, 1281.397404280523, 1234.0444748963298, 1219.4399987636493, 1184.6243797388322, 1143.203365835124, 1121.948657058596, 1070.614785064571, 1020.5056578766212, 978.0436044026715, 919.0362432869242, 869.6971161440637, 830.5904143347328, 791.5582928891483, 755.3021259089761, 703.7576667253372, 695.3142207597798, 637.6053011896541, 614.9937656756167, 573.9646942641159, 547.846355376885, 492.84811678045065, 453.214960049281, 425.13830819932775, 384.0501195326124, 360.061198629471, 323.0709164735818, 313.46521765597134, 268.60012582351897, 222.61569613580946, 230.87575880081323, 253.84228324236975, 269.40478887835786, 276.9134575968319, 234.45027776166845, 239.204751889897, 224.2890558773637, 177.14731998248072, 148]
[148]
[148]
[350]
[350]
[350]
[350]
[350]
[350]
[350]
[1400, 1370.8322011965595, 1321.0916551387145, 1268.4094818890987, 1228.3983043553271, 1171.9352921301697, 1148.412484341833, 1095.958629422903, 1062.863230029834, 1008.6736200870167, 972.879642967811, 933.5838900368176, 924.4055012719696, 904.5052099065986, 890.0617682878105, 871.2490188948484, 844.1018948105716, 832.0763951733844, 818.2204288646825, 809.066267564431, 811.1515476030343, 780.222936051785, 750.6425364971994, 720.8262178729373, 687.0546475460069, 649.057694533738, 638.5012400348885, 622.7014033258738, 596.865268206697, 567.0523764565421, 537.9957735134489, 505.25218849690106, 476.4873826450501, 433.7558398123912, 403.0073638638705, 388.50341628745787, 361.4599302893955, 350]
[350]
[350]
[350]
[1400, 1363.8981912332567, 1314.2072313531346, 1254.9282721737104, 1208.323561525211, 1152.4401758199292, 1100.4292814536407, 1045.5906572557233, 1010.9885397358846, 978.6038286583582, 938.7086470485021, 919.3727783739251, 887.7587125983143, 883.4397768384229, 876.0166495879855, 861.5005603488454, 852.5293011440278, 839.3216506544161, 820.4611683509034, 808.8471520527551, 793.9271670008642, 769.6949079135705, 753.3628400632737, 738.6924611798432, 729.6984948739122, 721.2989844500236, 722.4226337260661, 705.7144474948798, 693.6134188533673, 670.8723506839049, 656.5031908926189, 643.7984849995892, 637.0608797914485, 601.095689029604, 546.164303189782, 500.7766273423543, 449.84289032841184, 394.90587244919925, 350]
[350]
[350]
[350]
[1400, 1377.5674102489363, 1331.8289256658752, 1292.2862832330954, 1233.806707759265, 1182.552675419649, 1130.6560176540358, 1091.6715365806303, 1042.9592295340767, 991.6079340756925, 969.816962877796, 934.0270700187771, 922.7285978316019, 898.9949987604055, 864.3218212758956, 867.4883202883527, 867.3073279957375, 866.9844105083996, 868.5385504759076, 863.0520552809595, 836.2312651027534, 812.2632201276975, 787.8765629896373, 769.898494796357, 746.7630009182318, 730.8101760194508, 713.4374068409315, 693.2620626390874, 664.3081301045348, 661.6309054540045, 645.8964273242334, 622.6198157881788, 606.4806437389807, 563.8794406994473, 534.7397246607202, 502.8041065281648, 446.58983604919115, 399.83222546879824, 350]
[1400, 1352.8169231499471, 1302.806651207565, 1249.5068300262044, 1207.252022667834, 1165.750699015769, 1122.695872845511, 1098.652930284378, 1044.5544953826625, 1004.1615261090595, 971.730295052821, 937.0744191364619, 921.5103400372864, 894.7979143581484, 888.7167786518818, 890.3828061462859, 884.9599624802651, 869.3570830582142, 859.150525664535, 853.1058633864599, 839.2500620277693, 838.9889192881773, 832.9257022801033, 824.7899062534334, 814.5570160632501, 795.7335475511615, 774.8377405797198, 762.9410697571119, 729.5840270986556, 711.3882321107094, 694.117411141752, 664.6897988797175, 649.0368024949371, 636.7485002269775, 618.4500443363127, 581.1295901987068, 539.95457926127, 485.3386638517129, 456.8840291340337, 402.2528981232689, 350]
[1400, 1357.6789375486176, 1297.2636898276505, 1246.0092370240138, 1195.8215422535052, 1144.3328809481054, 1111.1774555606798, 1071.7115808190715, 1028.752313308241, 984.2522110213846, 964.0644461225356, 931.6543614696205, 899.8864636641463, 887.3087317649105, 884.6122640687821, 876.720863164116, 867.671116324412, 860.2995541583166, 848.4611327481714, 827.5843851588988, 819.4884712022113, 816.657379219618, 801.8545307662714, 790.4424485762463, 783.5957032418185, 759.9638850681486, 738.906932443146, 723.0581727462055, 703.7737258860438, 684.7981600238802, 660.1640066091497, 637.8068973158497, 626.6749398532743, 632.0761082078216, 584.6763268578745, 568.8843291972349, 522.8886374679564, 472.2943344317246, 415.4525166102702, 410.1188369798023, 350]
[350]
[1400, 1347.7231504091815, 1299.3097719048533, 1259.5302391906107, 1233.4767848851136, 1172.3888427991094, 1132.0277777759616, 1074.6319232688738, 1025.5577295875264, 973.4499948666504, 944.6540399802946, 918.4425327636582, 895.1659083049832, 880.8252731617683, 879.2172846600532, 877.8187598433205, 865.5527969448502, 856.2014028127265, 852.638504819608, 837.2069593252522, 838.5811211203383, 814.5123543345865, 805.1292052528028, 794.1411828695016, 774.935814075338, 763.5803671995827, 751.0796756771933, 739.4090162920252, 734.421968570096, 721.8742481747805, 707.1254940478198, 688.4011977545151, 674.6362707052003, 645.7860704396334, 613.711914280259, 599.2268415684142, 558.5677388680608, 511.0250591454779, 451.71612845771773, 397.66216242906114, 350]
[1400, 1372.0402325126136, 1318.565960388463, 1286.4836801229035, 1224.931578849435, 1174.778315787736, 1144.417508342358, 1085.1307314121736, 1035.1215508302857, 995.0221289159332, 958.6528624157269, 923.9167635650682, 908.5243330514857, 899.0373571811251, 894.7858817658356, 889.5643330508967, 871.2676775049048, 869.2454401108196, 859.8075559007023, 849.2483556297727, 827.7436097228731, 812.9924022059855, 798.6576965151208, 779.5692028496984, 753.523428532172, 728.4793668384109, 712.5735813845528, 707.7339963407031, 689.807761426998, 682.6797862840776, 665.5320947108817, 643.1827360257073, 632.4793573485302, 614.760332723944, 604.8932875676414, 551.1812598461654, 520.090618349503, 485.7778725701756, 447.31148339267156, 390.3652209370407, 350]
[1400, 1369.9793259698338, 1325.3534184003172, 1265.1485728395942, 1212.6980956789628, 1183.8994924154467, 1143.351102960543, 1110.585942640208, 1049.6016130554358, 1006.5023640389151, 987.4218933390295, 945.8293123052223, 912.7134861039497, 905.4427499816258, 891.6096412628029, 870.7811100789709, 854.7423532199675, 854.9920048617589, 846.4560765070635, 841.9030123857239, 815.6294990144197, 808.1768511388108, 789.3363856537603, 777.8830656363489, 763.9460279182775, 749.7946844699854, 733.4630370431212, 719.0382125196205, 700.3453965479958, 687.447611691566, 669.3894886538121, 642.0615533176028, 621.3495878542446, 578.8502031370059, 552.826172508144, 517.2956290987041, 461.9231707828546, 434.2290207652578, 390.5055960010751, 350]
[1400, 1346.7665111591066, 1316.0704535047746, 1271.8660288573633, 1251.4572248222075, 1199.918789945993, 1167.1080533757824, 1116.698103919854, 1072.8936560245252, 1034.4951193097181, 1002.4063456111489, 965.6193617631437, 928.7985987254792, 921.9980195415209, 903.6579130802238, 896.200554928044, 894.7955900627127, 898.231452474282, 888.7142357802853, 863.7914239294669, 850.0308602920323, 834.0897694357319, 809.5653115198553, 782.023406885278, 763.7608124949653, 735.5140145127407, 714.45571530945, 699.1494662501192, 691.7537093731472, 680.705262271413, 675.3702693729931, 665.0001202632016, 653.0538682996508, 630.5634480469081, 606.6750842769211, 566.7375207598136, 527.3855487670322, 517.6575471326557, 463.7061480794657, 412.29232091679404, 369.1320023196748, 350]
[1400, 1365.7414167767943, 1310.0832392654622, 1250.605474300237, 1208.3593826409965, 1158.0324718756358, 1136.056421172465, 1080.0772682102925, 1022.7253066504292, 983.0500851571428, 941.2303165784522, 915.9595359631986, 898.3056119737245, 887.5899644588181, 860.1923027002572, 842.7438337302176, 830.5557216728622, 821.8620671262723, 816.3758233287693, 801.5867434970634, 778.8259723782613, 752.3871977773525, 746.9677093387626, 732.5976617101326, 720.7897872601179, 712.2284307367853, 694.1511672233947, 680.2069753173886, 666.1365700467104, 644.641132109326, 631.5216270614776, 601.7954258724913, 565.7719658366559, 553.5977998291553, 495.4690836665087, 455.78996708431066, 415.76057111651227, 367.8834878910771, 350]
[350]
[1400, 1379.9013228079593, 1324.9077407398806, 1313.9758563031287, 1254.086701111768, 1237.5149402143734, 1183.9638997428444, 1123.6359151686672, 1082.806838304241, 1057.9162881672955, 1011.135176471721, 965.1183132984645, 942.6709891501497, 922.1808852198129, 905.2149774982903, 886.9748793297668, 884.2513620351095, 886.3808400468948, 888.5231128987896, 898.5011212362899, 880.6081424527771, 854.2124476399483, 840.6225357938862, 810.3920950794716, 794.49083991848, 772.9010297614126, 755.2591950327164, 727.129736713213, 696.2200045758084, 679.2582006873097, 663.8715310213668, 649.9888678858763, 644.6281339788195, 618.2231524308792, 571.1676557076438, 519.8998154645315, 464.70375020376827, 413.7814946698545, 368.355059420386, 350]
[350]
[1400, 1370.1415959770584, 1319.798245504721, 1296.7350473162555, 1250.2710977052684, 1203.2723039772948, 1154.2679574733236, 1106.4017397888435, 1051.4513535274364, 1004.4327948207155, 965.3555312020684, 924.3511569151843, 899.6223128956779, 873.6501528201973, 852.2019357714126, 843.6677011196801, 840.8544698674533, 842.3804866685094, 827.4534267305088, 813.0480006436978, 804.8535721699806, 777.2957173839392, 764.4432221573916, 751.7147455824058, 725.7843552560769, 720.2461103764917, 699.7556317855484, 683.0122818545212, 659.589446062954, 643.1530108796044, 632.6387308950823, 595.1362882871152, 568.7101246014488, 539.5001634734854, 505.15300259580454, 458.03041843103153, 400.3978869750749, 376.19624044051415, 350]
[1400, 1366.8753510852825, 1334.526468997088, 1276.504311383056, 1221.8707112136628, 1181.82993583258, 1121.652955920339, 1079.5455819810088, 1029.6267291157137, 999.2818781242603, 963.0431984113515, 946.6882728861182, 920.2930184966775, 899.3386240043837, 882.5995169672666, 877.9955819124528, 862.6252911588603, 857.2426389723988, 843.7343028271348, 826.7289970089561, 804.4098985952238, 788.2979613348181, 774.9399759746831, 747.427159879259, 735.53176066526, 719.5109479408238, 696.3465568925396, 677.6798655536306, 660.4219344590946, 638.6751506109849, 608.0093964070637, 589.1828891740738, 542.8363663475716, 505.20945455444183, 451.963226419938, 413.9994700665796, 374.3464713498665, 350]
[1400, 1355.5100886196808, 1317.8958548327046, 1287.5548711873466, 1251.3347171270304, 1217.9333318921645, 1158.0227303759812, 1105.8185864869813, 1064.9527901089878, 1025.0221812515658, 1002.2521028609481, 967.6385342336155, 935.0046627240607, 903.2178143452638, 896.6327688589488, 883.4681000130477, 874.019400933912, 869.3352555925829, 861.1822997945401, 838.356267825667, 827.1814427175166, 814.4292169734074, 793.7477726822732, 776.5801221064294, 759.0180247431625, 739.0125556995989, 723.8361510662451, 713.1564193104327, 694.0788335581018, 682.8938981769526, 661.0162585933208, 643.0422160514387, 627.933052010826, 604.0837792407756, 593.5828219026434, 558.5163001299244, 533.9302904944551, 499.5004659826727, 442.18615830707745, 394.8297022120499, 350]
[1400, 1376.0452786408446, 1328.0617238444258, 1303.5501670416643, 1265.228726495327, 1207.8386852703934, 1165.742149041168, 1140.5797083886018, 1086.6369311710214, 1048.9561899891141, 1019.4067243599052, 985.1204008706976, 945.5050978011177, 930.3452644810312, 900.1444889645427, 892.9094722410438, 876.1420931706618, 863.2814262051102, 843.5093304168903, 837.2979768982394, 839.8266943465046, 838.2670194441416, 823.826314402408, 810.3035573224655, 794.2514797456768, 777.035697919874, 767.5058476017349, 746.940096575915, 736.193003326467, 715.1821635410348, 686.0538511576158, 649.9555820394457, 628.7179023240712, 615.5180745431544, 607.7420880398597, 564.6882931976909, 512.427751912729, 484.2565348964271, 445.9620237439167, 388.62053715964026, 350]
[350]
[350]
[350]
[350]
[1400, 1366.7592566050987, 1307.7877568148222, 1258.0120016919832, 1234.4825170150505, 1202.0059086843835, 1140.9367872146695, 1110.0452276311587, 1050.6253239754312, 993.8813534000477, 961.9862259108203, 947.2417890885495, 918.1882266972011, 891.1545557401721, 868.886789856221, 870.4077936952892, 858.8892745544683, 858.5656656949525, 866.4435717449929, 866.0451417018411, 872.0565025582241, 860.4678051620016, 843.1871993088339, 812.370705587641, 793.285654127189, 768.1965518653242, 750.5922800466543, 743.2568875164402, 709.9148367733042, 698.9852168833173, 663.3859460369104, 630.0805395156682, 587.6714873717067, 551.0635845066173, 528.2931477551948, 482.1509482457666, 468.4622806865315, 441.40236431687174, 416.7863180139962, 372.259022104506, 350]
[1400, 1371.0996338229443, 1332.8179444717402, 1287.3043635608308, 1253.0699404884056, 1198.0219713338151, 1168.0728138727168, 1113.050210177134, 1059.6560072847028, 1008.6257232173987, 972.724516790247, 953.2961720875647, 921.0200441899967, 908.9452206885894, 887.3601685205615, 861.6738342370277, 857.6240277516018, 853.6100684518915, 842.6038394311804, 821.9364479272633, 798.8999516030864, 788.9419131281355, 772.3456768417198, 749.1537989447008, 740.4589335566845, 725.4146449006969, 704.0435139147618, 682.8014643468046, 667.3596641525334, 647.2773960317916, 629.6307947242619, 612.5024110893257, 600.4171005167227, 585.970680013844, 565.0073411307826, 532.633264561642, 492.6239309149643, 438.51627619287416, 400.0022829739704, 350]
[1400, 1340.3337488533834, 1287.293054001564, 1249.153728146203, 1199.7297473221654, 1149.8705405590244, 1089.6738769644494, 1028.889203933803, 997.3132123487869, 972.1237909435345, 943.248049378772, 919.738760376494, 897.834415694989, 888.6307300231775, 878.4992929587687, 870.6655345315194, 855.212468481266, 845.9963476422272, 835.1383920181075, 829.9107419714516, 811.1385386770648, 795.0127959692621, 774.4278183651318, 762.089695010482, 746.5608963320922, 725.2788664881896, 708.1646420026817, 695.1327173896502, 676.1004737401252, 646.5887654463772, 634.2374706785918, 624.6629027438016, 595.560029190156, 552.5559046792414, 522.0911780469803, 466.1295991911202, 426.7928041703216, 393.75076342732723, 350]
[350]
[1400, 1358.5273265578458, 1311.4263242878787, 1285.0750201141932, 1248.099262545134, 1202.5422274537104, 1171.2589675765596, 1117.702731504177, 1070.005837330487, 1017.0157797661694, 980.1330983911324, 947.1982338464062, 912.2120526705705, 897.825619748904, 897.7504772591099, 889.7262672481628, 880.1774617783249, 872.6701893797201, 861.7672632079702, 847.5975582986231, 832.4748851917356, 823.6392214760139, 800.8635700377143, 788.3441565911114, 777.1327961354064, 772.388064086235, 749.8650974234249, 734.4805106838635, 719.7280686836154, 705.1174353277656, 680.5972528283569, 665.2737023702227, 652.1813559799755, 622.8132469394134, 595.1941883417401, 546.1075506376294, 530.8589260366389, 495.2304365541552, 459.0232373442321, 428.40596918246024, 393.2725164758897, 350]
[350]
[1400, 1355.5470264810865, 1297.3916682658144, 1248.5508674102812, 1208.977682809536, 1175.5637382892928, 1146.7260893255548, 1103.9480465735794, 1054.107390689024, 1012.035675811766, 957.476680239281, 917.0173586012239, 904.8150652721573, 865.1650641290827, 841.0553007131258, 841.1657866433641, 836.1015129975211, 836.7427695279684, 843.30907331009, 837.5799646088158, 821.0991898583792, 808.791151529674, 797.6971517909541, 779.8885736049756, 761.267967462905, 749.5532983367658, 739.3741296814408, 729.2390667774498, 713.7078173625863, 706.2279819934306, 675.0905272448094, 654.796663039099, 627.0108127908313, 607.165240343239, 585.2217294794543, 549.4476869739418, 522.4360061678346, 464.6661873082503, 426.0077503599616, 388.97209469508266, 350]
[350]
[1400, 1349.007603814041, 1290.168407363159, 1246.3295834611442, 1218.2258121858854, 1183.8631633235382, 1126.9060611929654, 1070.6316846122331, 1014.533857866732, 1005.1747553508525, 962.0362092137585, 918.6719734958531, 889.0752370420777, 862.3590548652713, 842.5161882211238, 839.7480440017873, 832.7168633414318, 823.6192470407427, 807.4264401477814, 799.6576578936483, 782.2910036492211, 775.4418272541986, 760.0270833340684, 740.1316732528329, 713.2257344665788, 683.384299802319, 671.1188941487881, 645.238578839715, 619.4101148378029, 595.979065167088, 589.760007086092, 539.9734167649998, 516.0651560623949, 485.26531706719885, 443.518630591921, 424.1750531614377, 374.54149929777554, 350]
[1400, 1346.034695954172, 1317.2658791748452, 1259.570609462039, 1228.9540836570495, 1168.9465236986427, 1114.3110780583515, 1063.314824652052, 1016.4730919657146, 976.4913859292998, 940.2163185066428, 904.0248442508296, 863.1450946907639, 841.5076633241973, 841.3977651164597, 853.1996978834424, 851.4970722934881, 846.3117449656995, 823.8387522168792, 813.3587602283189, 776.4612053962397, 758.0992985761737, 741.8159744695458, 729.4441247606851, 712.4551044889803, 692.2080514846078, 684.7171899964532, 669.5911882995656, 649.6191313467742, 636.8187838462816, 624.3287403852653, 597.6216406834908, 562.0208793087425, 525.7881060423576, 474.3270471368782, 420.30420112238994, 373.35990379140054, 350]
[1400, 1362.8063142059577, 1320.0202847513485, 1259.7409848559298, 1218.5076443256903, 1197.0176591650784, 1155.2941453832127, 1112.3802042662605, 1063.9151761093894, 1019.818397615505, 974.328747680927, 935.0237828598681, 906.9431941249564, 904.4745566421411, 888.3359958543471, 866.9822955204475, 850.1969892364684, 835.290652969011, 813.1171215515238, 801.3904578515925, 770.9702300813879, 765.9382107354733, 750.8527194438744, 731.8919674266674, 722.8164577662382, 713.3400023718461, 700.3611953873192, 680.5893011535245, 653.6641121843352, 639.658300447842, 614.596800795334, 601.4243313414112, 562.430875033062, 522.2433990928498, 486.2363346556807, 446.5329601783235, 405.9110320670694, 350]
[1400, 1359.664889491478, 1306.7649216977095, 1255.2081011365356, 1207.760425926022, 1192.8464307007102, 1134.0142180566968, 1076.5149523498826, 1019.4841078215987, 1006.920857775909, 961.7068211897879, 943.3947216657396, 917.5421152874168, 895.2923363588847, 878.200825084465, 860.806140275996, 848.5425607838397, 840.6985306732033, 830.2304236638, 825.359985286417, 808.7821194842371, 797.6379555115534, 784.9945736193013, 772.0066946642438, 756.7781285331068, 745.8954043515007, 725.0363500883342, 699.6159557215437, 683.7711606661944, 673.9402885945938, 668.0390267036374, 650.5625452495269, 624.6390734966816, 601.0435050703152, 576.8294059638076, 552.3537975147065, 510.16715757927614, 467.75881533205074, 422.7988234477268, 365.75786904265, 350]
[1400, 1346.7884939995686, 1325.119723168469, 1273.5716944623962, 1225.6862646835928, 1198.940751887837, 1142.1348309950065, 1116.111720547136, 1074.759897575142, 1028.9068711147747, 990.5635705643913, 955.606271692024, 920.0890319260196, 869.9097147399831, 860.2130137425656, 848.1475433664971, 848.4784339225301, 846.2027374302347, 842.7516868463716, 848.7686043779676, 833.4294837386899, 819.4887305503376, 812.5583257399013, 791.3527395203488, 771.1716151698568, 745.017350706521, 722.1862374108085, 700.7511724923182, 671.3285380401123, 651.9355639004965, 642.0988175655714, 609.0396038109534, 575.2336810387187, 538.5101268505005, 503.71509167717494, 470.48264653489747, 437.0754265645326, 380.28522721279194, 350]
[1400, 1376.460907243727, 1330.5233508525089, 1271.303149760406, 1211.9055410143947, 1186.500419297457, 1143.6726028061794, 1111.7233042210507, 1061.2963784456933, 1014.2554743914603, 979.7912048155735, 939.1461196601132, 927.2321401475032, 905.9294590827526, 900.8319494169162, 894.8270054908168, 887.0814500910435, 871.715798357445, 853.8792301372267, 836.0292364049471, 829.0790526009463, 816.6110727481272, 793.2708215212607, 772.7227029148926, 757.2859351296305, 732.3085125102524, 705.8296074780624, 689.2276007505629, 655.9071947721595, 648.7433715145744, 629.8860980685616, 600.5341518135683, 577.3094020706119, 526.6749352078323, 491.3706548866249, 439.41122461772056, 407.9338684245423, 350]
[1400, 1344.768316091077, 1300.107586316905, 1258.5397406913153, 1220.9511872109476, 1175.9330245044403, 1150.1115423917922, 1100.6229198625715, 1072.0199624500624, 1029.9418065852897, 973.7498039692442, 941.9467194572769, 896.6214507077204, 881.8995504996022, 879.5872614374022, 870.0163602116621, 864.9417284230798, 861.4377405869262, 834.0180857361244, 814.0196650088052, 796.6757653177693, 777.1822409423502, 745.3987377249995, 721.1037914223076, 696.1471584547112, 689.7080550351023, 676.3464907604333, 656.2150219189022, 638.0988317524768, 624.1735504433091, 616.1228802505987, 602.4232705381596, 579.0068884863849, 549.6694320443128, 534.005039340303, 490.44285154134667, 449.81394412195937, 416.9576802620065, 386.1204304086207, 350]
