[1768, 1770.254550562674, 1772.9300717260833, 1772.8106211816294, 1780.4827258415908, 1778.2323687821574, 1774.6274879424461, 1768]
[1768]
[1768]
[1898]
[1898]
[573, 614.140286507761, 672.803770998522, 701.7391076329416, 752.3864201839062, 800.8690418786268, 826.8622868763678, 865.1998621773878, 894.128577430782, 942.4467818213623, 955.0339231818457, 967.2667256288854, 1020.8285226066388, 1069.8953430430668, 1124.851757840574, 1149.1985786407483, 1163.1375894772493, 1182.2690221051, 1212.3989176759123, 1239.746172370911, 1246.8158386263199, 1279.4047759011903, 1293.5325857434502, 1316.1319328744153, 1348.4840533842314, 1395.4302600610972, 1415.1719073939662, 1465.710909083529, 1484.7279512387347, 1507.2106658560956, 1538.1902474594676, 1570.6708717454155, 1620.1458210839369, 1642.4528727848524, 1674.1168326431641, 1692.2934634648964, 1723.8293053457248, 1744.8085518707217, 1760.185168870304, 1807.6891240646082, 1835.393680157769, 1888.1171745299737, 1898]
[1475, 1452.0789854791649, 1411.59949204967, 1390.784104926679, 1386.6717183119674, 1391.0802881333757, 1415.6409697279157, 1373.5349629790746, 1330.7703407683864, 1296.7222061740702, 1241.9257557703197, 1203.9050758091525, 1154.3911926000076, 1114.5991576477684, 1078.4857755323474, 1040.3244755615433, 997.5835305184803, 976.2902544907449, 953.9720901561, 920.0461832264008, 907.6178832563356, 881.2816995163137, 895.2117693130425, 870.5040653308471, 837.161760020328, 845.2530461648074, 820.6991157605005, 780.4963242227335, 745.1751213567502, 712.1912119372874, 663.179117048894, 630.9104660810426, 574.7499076174014, 550.4326277853276, 534.6499975646659, 494.0219806734799, 458.47248103659877, 411.80864612683837, 375.7711752650123, 348.1931397149467, 302.8447958775282, 247.94033289753557, 201.27011263803178, 173.8942289710921, 118.31780214576881, 92.89765167117226, 150]
[1475, 1511.9524767283222, 1546.6676684441854, 1533.5462639476204, 1515.2190259677084, 1483.3736694175482, 1471.5251157744324, 1417.8557100562148, 1368.2535287863686, 1328.3210542739102, 1279.9275991258435, 1239.726907902136, 1227.0266261969743, 1201.6979065840444, 1162.362230078199, 1138.8419114149087, 1079.3837184769889, 1041.0286647215669, 990.2541288750729, 941.811981128321, 893.1155294346698, 848.2325471438794, 807.7111262199348, 803.0426124839125, 790.518903719178, 730.9814900263727, 734.7697836014405, 727.1299612755008, 738.3132471619601, 743.2905516102699, 734.298753110042, 731.32444543607, 746.7078462593361, 740.3890477450932, 691.2876877055359, 653.2021617601514, 612.5966634150967, 577.6180080933303, 525.5348952423345, 486.4375446786614, 464.7217775152368, 453.6635261436404, 413.4055590027936, 393.29849471727465, 346.49450306539717, 295.27012940686797, 250.82111239623865, 209.84295609626264, 150]
[150]
[150]
[150]
[150]
[150]
[1475, 1414.623943869936, 1354.8627442490308, 1311.0630855527736, 1281.9977233281338, 1248.2374120003533, 1192.9346508319557, 1154.8595473161663, 1112.341432667141, 1082.4680445882898, 1023.9177513985052, 971.8341667675738, 917.2983824120718, 881.935725834832, 837.5104651897881, 797.5561082865132, 776.0453074348662, 764.3226598849345, 718.9324950886804, 659.9782524447269, 603.0165428166624, 569.036549104078, 510.9179703774429, 458.1507581465166, 407.61003977220867, 371.6701018508021, 341.25158414595535, 325.8059807446557, 311.0983668096196, 269.44896427614174, 252.58373533196004, 246.4137153067212, 243.18666314427583, 243.77726472171477, 239.5704958815352, 228.08055863019112, 220.7127349873896, 201.65003472435166, 185.20844460747927, 177.7285211306436, 174.2226947420707, 167.42461623980407, 167.09495096297098, 156.07417624465361, 170.7161685694789, 174.3375474910203, 168.73943670888121, 176.13119140244987, 163.0356611836421, 167.65042448617572, 150]
[1475, 1492.6254192567114, 1485.7367370096583, 1525.8319301186245, 1527.7907870992171, 1502.1365354898805, 1508.8695171033837, 1519.3500385977654, 1536.4543355121568, 1533.9436450120418, 1504.938271051595, 1496.8479443494143, 1480.1682360909135, 1426.2584570561105, 1414.9116494568204, 1396.9383131814268, 1352.326524675235, 1357.3640400119575, 1335.8993323229688, 1323.288718372506, 1292.4681368811946, 1269.0859187297312, 1249.0662795311505, 1235.589164202498, 1213.3627303040041, 1159.2578677599854, 1100.6176634447502, 1055.5510942630522, 1011.939568240743, 961.7263822453815, 905.05847915048, 863.8865300264789, 816.7248121459381, 784.6350391901898, 748.4130549919394, 700.53210085542, 673.8166713147964, 628.1735230630059, 586.9845428128435, 550.6542518831977, 491.17457400058436, 448.2303272900167, 399.5076085887854, 388.00661436043373, 335.46151919283375, 313.1400321516923, 257.33961098192265, 212.61460769660212, 228.18179133581546, 226.46042932724916, 195.26002137453676, 150]
[1475, 1447.1979381711585, 1412.6731700419623, 1387.8439648611184, 1350.446947715993, 1304.0822592547886, 1255.552322860928, 1205.2730992606346, 1182.0663418643323, 1146.9897919008865, 1095.622808466093, 1041.8814093616265, 1011.3833439506279, 984.2449579544614, 928.7814289358449, 871.863032974906, 857.2823585342229, 807.0789509212868, 822.3218338284682, 825.7576527294306, 839.9005595072164, 828.5859986854505, 809.8437292474664, 815.4404409047136, 814.1425316968025, 809.7581297260355, 811.0391983457686, 798.2512099079695, 783.7993423228297, 756.3083105228649, 781.9539629440807, 762.6873125287775, 751.6013819441596, 734.9908534918754, 718.394444024672, 675.5209403386406, 651.025173127664, 633.6111642539796, 600.4770656363913, 568.1476434026063, 534.0700274868068, 504.65495085049264, 449.673012908257, 412.1427061943777, 376.5239048029758, 341.6079920953318, 286.93377531676094, 275.93382776524555, 275.7233181297255, 270.1464934261935, 227.00662823920308, 177.13429623019425, 150]
[1475, 1424.0594571478532, 1367.280970192629, 1341.380688301991, 1304.3898309236984, 1280.2659733793369, 1225.037632699106, 1187.7034823354097, 1152.0175870523447, 1100.4564182468964, 1042.5493379316465, 1023.5972766035626, 976.4022776203605, 950.1458369046695, 902.9341815951899, 861.5771532640035, 830.3538810384755, 812.4827541211087, 824.3522904500838, 852.3201884634325, 855.8111552996651, 853.1839838849183, 840.6096172642896, 830.81288468177, 839.4042049601669, 834.0709885450374, 822.8420566016242, 785.50331213958, 760.952775576546, 752.8673958123494, 720.0274760819127, 692.5509188758003, 698.5293676915308, 682.5296333929963, 666.2626535838165, 645.162787728404, 649.9245163730322, 660.9615927141573, 650.6249414652616, 635.2641186391285, 596.8881841443765, 569.0289221215721, 555.3612396845023, 537.9679246482967, 504.00491490915283, 455.96983971097103, 405.8396227781406, 371.34114547036154, 340.8933822420783, 299.6936151988506, 264.93126221929117, 225.24837978186295, 196.85074201984605, 150]
[150]
[150]
[350]
[350]
[350]
[350]
[350]
[350]
[350]
[1450, 1438.9425741309435, 1430.2256505202558, 1439.6682203614853, 1460.9054832636516, 1460.3455793211388, 1461.3015055703568, 1447.610042516061, 1441.847589422502, 1426.7800216637088, 1409.1291562620372, 1389.85354006973, 1333.659395630396, 1281.5235681678284, 1239.0252349942314, 1186.4771801673214, 1138.6538382110152, 1116.2879719169773, 1077.2577233719633, 1041.9569743374855, 987.8987005114211, 970.3346327714039, 928.1288015973981, 895.9314100177975, 862.7267988793508, 816.6719540682002, 780.1241266187388, 733.1224923901971, 697.8157186284238, 646.3641875359929, 608.0240009161745, 556.078560445354, 501.96197919308906, 458.22865040064687, 425.98939777952467, 410.58590292623353, 365.69564973454965, 350]
[350]
[350]
[350]
[1450, 1439.0307059952995, 1450.2606087824342, 1450.6554529191308, 1451.314018826492, 1455.356677726275, 1437.2662939545928, 1429.015349630173, 1427.1294355505565, 1400.5617413750072, 1370.1379181256923, 1342.496621750831, 1301.7533755599188, 1256.7267669488665, 1229.0946903185736, 1197.7551168895766, 1139.836653977134, 1083.5304100125172, 1028.3171813988754, 973.6172634007405, 941.3554436689435, 884.8821512440046, 847.2171134462418, 793.4555530163132, 758.3424837788347, 710.4915642495998, 694.5774259715322, 647.4048158841777, 607.2796513846051, 562.9811208117724, 524.682000364947, 473.28696139912256, 458.4360322507669, 411.01081720996365, 392.1009154944225, 376.000903987831, 353.7909634268221, 342.62516858273284, 350]
[350]
[350]
[350]
[1450, 1437.1571903475392, 1442.2323984626073, 1441.0992107854697, 1453.8147758070213, 1452.355059087627, 1451.365401185733, 1441.3242045935335, 1439.8615134116635, 1424.7083561667368, 1391.9025192426213, 1349.7455873995941, 1334.6795622303678, 1296.2327345867748, 1245.6439684529432, 1226.9663640161111, 1167.0578461025275, 1109.2433671034116, 1069.6142473629761, 1014.2886157635859, 981.2991987599394, 936.093738643928, 889.9921139772563, 856.2700279593788, 802.6937853139242, 756.245789118873, 719.4363171475959, 667.8404174547702, 614.0246608528826, 596.3988961587994, 549.0617530504071, 492.5225290985363, 450.5459628387789, 411.09259152253367, 411.01020265141824, 400.28980149437746, 399.1582191610521, 376.93241142194086, 350]
[1450, 1446.8096667422606, 1458.8870428634568, 1458.6998690026562, 1457.8079898901283, 1453.1124424805441, 1464.3490897825702, 1470.4412198206396, 1489.1385454268914, 1454.2335751164612, 1407.6828265467195, 1368.5392681315789, 1331.6219620511938, 1283.556314680764, 1244.0217764332522, 1202.7704374151037, 1175.5960995148728, 1136.7576377051764, 1085.540111806863, 1056.94851066161, 1020.093077856283, 983.6283035732746, 931.4739329525214, 876.5737221664584, 848.7165808247652, 814.8448380650243, 777.8108832869606, 751.7725971505055, 704.4033770985649, 659.2083044272593, 631.4490812832788, 577.4928712213298, 540.677512955406, 496.91406227396635, 470.93527329244574, 446.1427709584877, 416.6147768789556, 400.2032299139614, 391.1378503502443, 365.38696045349815, 350]
[1450, 1440.356574019699, 1440.8653886011823, 1452.4810819282764, 1454.5578819949535, 1447.080918874393, 1448.8500218280756, 1451.1564027776906, 1438.0822096334027, 1414.326487991863, 1399.9068427050815, 1355.7669074048106, 1324.4305084155021, 1307.1078961102019, 1258.5791293330055, 1210.5040718838582, 1161.1316483635053, 1112.189664127096, 1089.5127376082205, 1044.5432475304851, 985.0136381941139, 972.5500303236623, 915.1607774684685, 866.61045270732, 829.609898298652, 778.2797936995922, 727.5652741983628, 698.9267336255882, 663.0238093696613, 615.2686827329669, 569.5716434430021, 531.1991027867127, 504.66154791354296, 466.2766139532301, 439.62620660357493, 432.7333301064733, 408.7754457030519, 385.00475827091617, 364.10798077766776, 363.37575285378375, 350]
[350]
[1450, 1473.7029091961688, 1480.9278399142402, 1474.1204230632884, 1471.7998536511766, 1474.276543856331, 1456.6485278306068, 1447.2848799771514, 1421.0588275601579, 1391.2071418765101, 1372.065594405167, 1338.5836140456868, 1313.0962281336722, 1268.8091483766887, 1246.2732866637134, 1205.2297908895814, 1165.7722071788614, 1138.1122563806189, 1099.456624088251, 1059.1854435878483, 1020.6535548032458, 976.7954318651623, 950.9691790560167, 905.2935745849527, 866.0336957390082, 833.8322947643803, 796.5329109404313, 753.5111468989317, 725.5183134180222, 677.2463199311549, 627.9591699318705, 589.2199402099548, 560.7452810817965, 519.651915710145, 473.6752711278262, 463.3817498179814, 424.2784486408492, 403.894689584297, 388.8611303389243, 368.85718927122446, 350]
[1450, 1449.0433485955593, 1459.5709033422768, 1466.571951188394, 1463.7303543968494, 1466.514373994247, 1455.708168495571, 1440.8002281692445, 1429.6140516172522, 1411.1408072667061, 1400.6470364554095, 1350.906888340759, 1310.9709503178756, 1287.7434242011136, 1249.8456218355284, 1192.7096024604143, 1145.8607431504256, 1085.962456350191, 1059.2265429731465, 1021.198653996472, 964.8300096296481, 943.3648768791714, 886.9082609328993, 854.8203310315748, 812.2590710386489, 769.7054978745609, 723.1428293858296, 709.103880353548, 652.0227632522602, 628.3385301025041, 588.5606827402241, 532.3493077879889, 506.345469707367, 452.5847025618824, 427.4030686453256, 405.97353419645435, 394.0407790794643, 374.2516510589679, 359.22245287367343, 352.72131324721556, 350]
[1450, 1446.6139596874586, 1439.591912067392, 1449.1894396693197, 1446.896756230893, 1444.9903971022925, 1443.8223757501166, 1442.394719529683, 1447.7098741810344, 1439.3087362183817, 1430.7908767741415, 1390.3014303228897, 1358.849551954885, 1303.8467170145864, 1277.0036689135025, 1234.266072493459, 1176.0587344358714, 1169.1058885017765, 1109.8117343599265, 1053.7414449786384, 1005.1330672937905, 993.4568936869298, 938.9879493574132, 894.7173780406587, 843.0388141162276, 795.596157730557, 743.2068093251962, 688.095359820346, 638.6514729670628, 605.8171062422152, 552.7443669250766, 505.5977368050238, 483.24552501446544, 440.82884539942063, 405.12008348684947, 370.25668979351383, 360.6462139050035, 362.067901724265, 359.55101112173094, 350]
[1450, 1455.0868321657026, 1459.0953346206927, 1457.8696888319596, 1457.1468885897132, 1448.5352575471456, 1448.6572234608566, 1439.3029412515834, 1426.005986537352, 1419.656287115156, 1393.2603026804813, 1359.1625290251432, 1322.5914667201191, 1310.8158285694594, 1262.1896902598764, 1216.3879862556605, 1180.4724122616992, 1147.430715351969, 1116.2064047559172, 1061.3239951324417, 1030.6632589521314, 990.8788827440321, 941.1716939111328, 895.5271200800566, 859.2857642373091, 816.0864267459556, 763.4304696236862, 705.5610916360235, 677.7296604529749, 632.7733796014468, 612.8314274169716, 568.3912020601913, 527.4115084760506, 484.32059666575446, 464.1258755299232, 429.5200342381257, 395.66804802634556, 390.2105728041745, 381.11124034337166, 360.6627501300531, 341.3274345095954, 350]
[1450, 1444.554596891498, 1446.733012797699, 1438.4903764195253, 1433.6815820180288, 1421.4264914772257, 1426.152761533068, 1424.547912856186, 1422.0151298570463, 1381.806257941344, 1339.6471433624454, 1284.1357487008881, 1251.2980959865622, 1226.0104777811334, 1173.3416577676755, 1122.996955328693, 1077.5180398087302, 1033.5535335510433, 1014.9142286874024, 963.8089879992762, 926.5354092747102, 870.9705274162512, 861.0341120445197, 804.4526409030282, 760.9815990107334, 704.5698055547052, 662.3481314090819, 629.8768542048799, 582.870890803154, 526.577571068409, 496.6884347150165, 457.9817177108982, 410.1533254371311, 397.27691208408373, 377.0412946374187, 369.8488255341638, 361.43918074905537, 356.6755470537291, 350]
[350]
[1450, 1435.3955843787076, 1424.8769453598443, 1420.0896414703152, 1426.3808655767086, 1425.3848533373205, 1419.2511127084058, 1412.1349524634727, 1406.192552700791, 1399.8664043986855, 1382.5747710506948, 1366.783825032723, 1329.4231997130066, 1305.5287679056075, 1278.074171831094, 1222.1420998234858, 1186.7459622219249, 1137.7354609404506, 1108.6584437827921, 1062.2607137286286, 1039.585990911572, 995.0324538673717, 954.0743071280947, 902.9937639866312, 868.7556093386235, 821.3023427254791, 777.1997169504882, 727.1932706868331, 676.0582971979774, 641.018067571081, 601.5680913379465, 543.8900934505841, 520.3192239786476, 469.57654805499095, 437.81600458955916, 411.2490568689236, 386.3473192588755, 364.6250429310804, 352.7326898249419, 350]
[350]
[1450, 1452.28672372758, 1444.4672731531675, 1445.023578155207, 1440.660762838195, 1436.8125568865892, 1430.039028063045, 1418.5667478294686, 1402.1464797327349, 1377.177156971921, 1352.1724196085815, 1306.2093433177315, 1255.9742471403024, 1202.19526202254, 1158.4508490462783, 1111.3977209987381, 1068.462946858168, 1044.7212950513604, 999.5797782222862, 950.9310479617894, 911.3797765115112, 856.4129286404999, 807.9372297210883, 784.1542593803287, 729.393514993335, 685.5938983731405, 631.442619082326, 581.0817666234981, 534.9141491832529, 503.24539080701794, 478.05878492593695, 441.7909513117413, 415.61744929316774, 402.6184264201908, 394.56539039755063, 395.74268737286354, 387.80303454844983, 386.9076012472487, 350]
[1450, 1432.0991500228554, 1437.2998562288976, 1435.3199420252588, 1429.415803214978, 1424.020792808986, 1418.5418681195824, 1400.2607704254058, 1392.3682860365884, 1382.1392298703265, 1348.5272913413996, 1340.2134118994218, 1296.8426518904107, 1240.575169200727, 1194.271214845338, 1149.3088437300607, 1093.7843124193623, 1067.8511569911857, 1011.6085044978774, 954.1174051821444, 905.9746051850726, 865.5893371690881, 841.6863461071445, 793.6588397918323, 739.5073579905958, 690.5957209198918, 634.4655680434175, 585.2100937398554, 550.9323857576633, 501.93637050083737, 468.30823177566276, 441.23110921859455, 419.4029610114886, 399.0654762947675, 390.5030061256614, 383.3823841849191, 370.65368239421423, 350]
[1450, 1450.1931038771972, 1449.4691931288364, 1449.922339124951, 1452.4352151393407, 1447.7911816013248, 1449.1132432639506, 1449.7826454474648, 1434.5029012484613, 1417.0712073696056, 1380.529280928993, 1356.0894812682504, 1323.9383594768353, 1283.0949719858893, 1267.943763441578, 1209.221516482563, 1168.0481030071028, 1129.5792289092374, 1081.603481187841, 1039.1682209524429, 979.9447497310898, 952.2992156522838, 907.6292198591641, 882.303035729271, 834.5126242616553, 780.5613005725774, 738.2140878211615, 699.1523684995645, 643.168754540289, 621.0300141353583, 566.842972411851, 532.6679441625632, 506.49478402921375, 462.66226487435756, 441.6079785514838, 410.7240037729597, 397.05614190575284, 374.77457573168135, 357.4943051069514, 342.7377380534188, 350]
[1450, 1448.525553900423, 1452.9332503772484, 1449.4341590380543, 1447.4223379261161, 1439.338609612743, 1427.2560933749858, 1420.9389700520508, 1405.3918754544054, 1397.8371152466495, 1386.6568556310906, 1370.6697280630249, 1348.783274262902, 1327.8620977053824, 1281.547707775669, 1265.7792437899236, 1206.7586591275622, 1147.562517813698, 1091.3141477421145, 1041.4292734892524, 987.056612721977, 939.5921684782373, 896.2282900305629, 859.539831381999, 802.9813226175356, 761.8597144601325, 734.3200133295132, 692.7267518062488, 664.0045673569191, 630.1936041601612, 579.1466282749175, 531.2499506996362, 475.86879659820136, 441.5450035901529, 385.45409119150736, 375.01430931108007, 356.3838905782423, 351.6928130731434, 347.4626502782212, 355.1519200994509, 350]
[350]
[350]
[350]
[350]
[1450, 1461.3572187367165, 1462.2062087635748, 1468.5507746933708, 1456.6685506374347, 1436.7015468479324, 1444.0250064077923, 1432.728539901995, 1417.266704430164, 1404.223606812504, 1376.1140477326417, 1354.5208199080062, 1327.083495455214, 1291.1485237494592, 1251.6089938074058, 1220.670750777814, 1188.1905705101253, 1146.7463792984859, 1097.949459291966, 1078.9007366057183, 1018.399248623553, 988.421563257262, 962.432179359184, 921.3094143168987, 891.3915748350064, 850.1423262376252, 800.662055057825, 790.6625200691282, 750.7909831915558, 742.8900814661674, 697.4737901277476, 658.9423427796135, 614.7020995548329, 570.0916572321801, 542.5120068423789, 505.2189915544345, 495.94850512873717, 447.0982432413279, 417.31032020552186, 384.44937980407894, 350]
[1450, 1436.4216696050366, 1437.4911663971527, 1430.0076459962736, 1417.883030377044, 1417.1223011620943, 1413.6977301977333, 1406.4578046959919, 1399.6776300315355, 1393.6665289344642, 1366.5192833010585, 1341.1795112236887, 1305.6083867449001, 1275.4383413153364, 1227.1969744039955, 1183.833804645442, 1165.0327065302781, 1107.357198534913, 1050.2893949956183, 1004.2769219617909, 953.5102128968763, 932.7746112108106, 890.9208970049275, 836.3023867224946, 802.2795585215224, 761.7288558105929, 711.8535231337853, 665.1438221217584, 605.6976943922493, 570.269638266195, 515.9039119187225, 462.411842132397, 436.3211749856549, 400.87228706224334, 355.204090697569, 354.5129407498198, 372.48664173803274, 365.64811293195135, 367.61655548551846, 350]
[1450, 1440.5470745744644, 1436.5714748040627, 1434.7786174492746, 1425.2424660738686, 1416.6857066203768, 1412.262483867477, 1406.4324463500218, 1393.5500162699536, 1374.1246376855559, 1337.124122178825, 1298.9449788503189, 1268.8394229798082, 1230.2088526348225, 1178.4652736235162, 1133.8758355167838, 1092.7693859700507, 1056.4072778354039, 1005.5965448283246, 972.4405503383692, 924.320272134363, 889.2631357364777, 842.4645549027879, 792.6134513333222, 738.3466986110708, 699.9390808593757, 670.5586745802987, 640.6149190887361, 600.8215837762443, 552.8417145046656, 507.7465442983134, 473.0521414994363, 434.2219279719146, 406.7399032578279, 386.6152779721433, 381.733194048586, 367.3623121480183, 361.44250972906906, 350]
[350]
[1450, 1447.9458506608396, 1450.7263899846614, 1444.3150257987336, 1435.596246333876, 1433.2448305344599, 1431.4503471650526, 1428.1421970940785, 1415.6682008103733, 1409.8781970175717, 1380.5911247785198, 1357.0231500276573, 1354.1803321357488, 1312.7620175396933, 1275.774362728693, 1234.807711171027, 1182.523822213796, 1143.968844185268, 1093.4071259837606, 1041.556432837475, 993.9565691223227, 969.4196518528628, 928.6169090111257, 892.8687454023857, 854.5506362278956, 828.2455137725468, 787.7505594982258, 757.9181238557218, 726.3963463124485, 698.1619111868292, 649.2647538602484, 596.1872592945397, 535.966155141136, 484.359336587534, 449.5578922173671, 416.24396721695257, 395.07412832093985, 380.1178841350911, 366.1333971029949, 361.63562370399006, 356.3914315137208, 350]
[350]
[1450, 1446.418267070651, 1431.0935440866383, 1424.4265345057831, 1415.3926778283678, 1414.5257124191373, 1409.394591064858, 1413.0884586642724, 1405.099300289475, 1391.3666436348021, 1380.6914119211028, 1347.0031710640083, 1342.3180135233417, 1304.6122764674228, 1276.2254873052245, 1237.9132149440247, 1179.4803972810882, 1128.5831766948636, 1104.033302469569, 1057.412960057929, 1009.2998604974314, 965.550986116311, 941.8362755803518, 886.3590697426336, 835.3026657710669, 774.8369339655146, 744.0431524893846, 707.8956126428445, 659.8342876745658, 612.6505905900834, 560.9155912249106, 529.8837379842166, 485.72680419206256, 454.03226492711383, 433.739104897694, 408.3574733243565, 392.9132260561124, 380.49543619897435, 373.01663399438087, 366.8718174624125, 350]
[350]
[1450, 1435.5722960246105, 1426.3828082081407, 1416.2733119346206, 1408.863224862136, 1405.0827903217337, 1402.8984002779478, 1398.73075575876, 1397.8475252310598, 1389.6963325511913, 1351.4010096106297, 1322.6763184402698, 1283.7317321490505, 1228.975384345413, 1171.3451817060131, 1112.533170702318, 1054.9691827451265, 1003.6091979274594, 952.9238562108233, 902.7203685756635, 875.909606457359, 817.0887663942924, 763.7647475530537, 708.6919148563829, 662.7163220639698, 628.3058906550809, 609.6176319451331, 555.3971656569956, 507.63102499195, 461.28620067374464, 441.83602747002146, 408.04932443337134, 382.25104130471914, 379.38894564304974, 364.800910476578, 358.78334159643606, 347.34554927201, 350]
[1450, 1435.6149195537082, 1435.164854414053, 1436.4200408456536, 1432.817073853594, 1432.451506161912, 1420.6939233106036, 1417.7225354914565, 1403.152875679821, 1360.402802913805, 1349.2333651125277, 1304.9370297369192, 1261.8216339867797, 1213.0779639563207, 1170.9215019725725, 1117.9245775592863, 1058.6940934574964, 1033.3407407171303, 1003.3267144148208, 957.8305258136237, 913.6724939981492, 857.4520429495891, 814.3600627316732, 785.2050715488446, 736.6623148128107, 686.1943871408637, 664.0339272465353, 622.388138725746, 572.1218382279424, 539.3664576017954, 502.331710713907, 447.5241043359183, 404.21128271739406, 377.760100985785, 345.68397615340666, 342.60147438189335, 346.6207007152518, 350]
[1450, 1441.6795432902259, 1438.3435186288334, 1429.7353035124067, 1426.8669460559474, 1423.4503636037166, 1414.757530775197, 1412.6209296409568, 1408.2770788634375, 1384.9112770007134, 1362.6865853028692, 1337.0137944823753, 1302.5402592410826, 1257.1896328926446, 1199.0983639103072, 1147.1344083173149, 1107.8795887993206, 1051.4447553674886, 998.9967547069749, 957.5426455281306, 904.6911900382124, 870.5332765530737, 825.2896745325199, 771.3864960927904, 723.7118094115415, 684.6315672979431, 650.2858392015662, 619.6879455331161, 571.2044812814083, 544.9736483566012, 498.77322356424, 472.6331377987942, 427.06330563803573, 401.39044424118583, 376.21716788129686, 366.0015317826976, 359.17616407265723, 350]
[1450, 1444.1046948063856, 1440.2860923456094, 1418.8366202228012, 1414.6498777865622, 1409.8186250230303, 1401.2725247450162, 1412.1208569782557, 1397.3643885344322, 1386.2787969426104, 1352.2430444562192, 1331.7288867399807, 1285.2774140580752, 1246.5937787746154, 1214.0467599558053, 1175.7458472077165, 1139.9489397418533, 1091.1078331507551, 1056.8265400927994, 1028.5021909323016, 984.2452077506008, 933.3168968674745, 898.1687765387848, 875.0633920170444, 839.6079867304835, 809.0916476668099, 769.4588911976176, 716.9340689006114, 666.7701539056904, 612.5124000150897, 580.3180912012623, 552.0924384849468, 501.67963790042927, 454.9252626720887, 426.73745131476267, 394.24977288461423, 361.1201261298511, 369.38480385992244, 365.57174604757984, 357.3137596517243, 350]
[1450, 1457.4646744460374, 1455.8088671706885, 1453.7303223491854, 1442.6102513737885, 1436.871999087518, 1428.9081842790347, 1423.2345044291255, 1414.3883743344452, 1412.8948522477606, 1412.5043757982967, 1391.3229485775494, 1355.5105063744472, 1321.2610064682324, 1274.5106726533252, 1224.9805162616592, 1188.4724047800687, 1131.0100062169586, 1089.5061556626351, 1037.6176343213579, 985.8215351529498, 929.3116915263053, 869.9330610717218, 822.2137208471, 784.4302739054056, 728.7710630146426, 683.6761348266036, 664.128251102051, 621.3974767333264, 568.3263471428966, 536.5992871253941, 486.8975562608922, 440.42014628295374, 393.56513543603137, 361.9630832032425, 360.71340895098126, 361.92699349841195, 351.1955126149944, 350]
[1450, 1441.8472574235084, 1441.684629975102, 1433.2455211593278, 1423.6278732117955, 1416.977934139257, 1411.1032117223722, 1405.2190725143312, 1402.3357136932423, 1382.632875257129, 1366.1395854753227, 1326.5151576115059, 1312.3949470529499, 1264.1783217247062, 1231.1794828419995, 1202.9525325630489, 1148.6694393064477, 1090.969478265025, 1038.7118455586226, 986.450452894184, 945.2768159664786, 909.8842000795831, 858.9051968876455, 802.786969870396, 780.6143887886991, 724.2560236179885, 674.6979850402458, 632.695482782555, 594.7889161642358, 534.8174020797449, 477.8231136353466, 444.398375874498, 410.3227241260431, 392.7346008923082, 382.4241718157006, 363.7913296278283, 359.96609052082204, 350]
[1450, 1426.7105765674683, 1399.3366592347745, 1385.2190925935663, 1375.476154638629, 1364.9234489320756, 1367.198886088308, 1368.2075142123008, 1355.990787194402, 1376.0964970522793, 1377.4818894274918, 1382.3745099192038, 1343.0465847547537, 1290.7096908909946, 1278.1879868520623, 1221.4825349350454, 1191.4979724540083, 1159.671609417535, 1120.8005138849278, 1073.5354143789855, 1033.8650754639389, 991.1783085431234, 942.6751068664121, 911.4996407703703, 875.2053618597132, 850.2297145617515, 800.0180968854803, 750.5732259453833, 711.75218342452, 673.6845458099684, 618.4782377212821, 565.6829858187023, 513.9049442449673, 466.1483383595357, 439.54692481250447, 411.3153667030092, 409.39295739211036, 388.5376364591624, 375.1712474836023, 350]
